0.1
0.06666667
0.033333335
0.06666667
0.06666667
0.13333334
0.1
0.13333334
0.2
0.16666667
0.2
0.2
0.26666668
0.16666667
0.16666667
0.26666668
0.26666668
0.26666668
0.46666667
0.5
0.5
0.5
0.56666666
0.53333336
0.5
0.46666667
0.5
0.53333336
0.6
0.7
0.6333333
0.7
0.8
0.9
0.8
0.8
0.76666665
0.76666665
0.76666665
0.9
0.93333334
0.9
0.8666667
0.8666667
0.8666667
0.8666667
0.8
0.8
0.8333333
0.8333333
0.8333333
0.8333333
0.8666667
0.8666667
0.8333333
0.8333333
0.8333333
0.8333333
0.8333333
0.8333333
0.8333333
0.8
0.8333333
0.8333333
0.8333333
0.8333333
0.8333333
0.8333333
0.8333333
0.8333333
0.8333333
0.8333333
0.8333333
0.8333333
0.8333333
0.8333333
0.8333333
0.8333333
0.8333333
0.8333333
0.8333333
0.8333333
0.8333333
0.8333333
0.8333333
0.8333333
0.8333333
0.8333333
0.8333333
0.8333333
0.8333333
0.8333333
0.8333333
0.8333333
0.8333333
0.8333333
0.8333333
0.8333333
0.8333333
0.8333333
0.8333333
0.8333333
0.8333333
0.8333333
0.8333333
0.8333333
0.8333333
0.8333333
0.8333333
0.8666667
0.8666667
0.8666667
0.8666667
0.8666667
0.8333333
0.8333333
0.8333333
0.8333333
0.8333333
0.8333333
0.8333333
0.8333333
0.8333333
0.8333333
0.8333333
0.8333333
0.8333333
0.8333333
0.8333333
0.8333333
0.8333333
0.8333333
0.8333333
0.8333333
0.8333333
0.8333333
0.8333333
0.8333333
0.8333333
0.8333333
0.8333333
0.8333333
0.8333333
0.8333333
0.8333333
0.8333333
0.8
0.8333333
0.8333333
0.8333333
0.8333333
0.8333333
0.8333333
0.8333333
0.8333333
0.8333333
0.8333333
0.8333333
0.8333333
0.8333333
0.8333333
0.8333333
0.8333333
0.8333333
0.8333333
0.8333333
0.8333333
0.8333333
0.8333333
0.8333333
0.8333333
0.8333333
0.8333333
0.8333333
0.8333333
0.8333333
0.8333333
0.8333333
0.8333333
0.8333333
0.8333333
0.8333333
0.8333333
0.8333333
0.8333333
0.8333333
0.8333333
0.8333333
0.8333333
0.8333333
0.8333333
0.8333333
0.8333333
0.8333333
0.8333333
0.8333333
0.8333333
0.8333333
0.8333333
0.8333333
