477959.8125
326137.3125
253419.265625
227236.125
196777.875
175104.453125
155911.671875
124580.796875
110524.2734375
95831.0078125
99611.625
91904.8359375
76169.7109375
63135.2734375
65032.08984375
59737.48046875
47780.890625
41143.2265625
37118.43359375
29383.833984375
25056.537109375
22197.83984375
18884.34375
17740.26953125
19334.0234375
19028.66015625
18094.681640625
15951.744140625
13783.951171875
10587.3095703125
8405.6572265625
10164.4765625
9404.0087890625
6788.12744140625
5344.92333984375
5548.083984375
5536.77685546875
5633.67041015625
4528.88623046875
3199.630126953125
2675.96044921875
2704.043212890625
2734.3837890625
2325.846435546875
1725.6419677734375
1383.25341796875
1291.9686279296875
877.9918823242188
531.5935668945312
575.7036743164062
579.1983032226562
473.9842529296875
398.6990661621094
394.0587463378906
393.90460205078125
301.24005126953125
211.6432647705078
118.8161849975586
51.28388214111328
0.29445892572402954
11.070486068725586
13.10850715637207
25.370601654052734
30.0089111328125
18.895601272583008
0.5473379492759705
0.0
0.0
5.978703498840332
6.079803466796875
0.0
0.0
0.0
0.0
0.0
0.0
0.0
0.0
0.0
0.0
0.0
0.0
0.0
0.0
0.0
0.12158564478158951
0.0
0.0
0.0
0.0
0.11932870000600815
0.0
0.0
0.0
0.0
0.0
0.0
0.0
0.0
0.9322916865348816
0.0
0.0
0.0
0.0
0.0
0.0
0.0
0.0
0.0
0.0
0.0
0.0
0.0
0.0
0.6590277552604675
0.0
0.0
0.0
0.0
0.0
0.0
0.0
0.0
3.112210750579834
0.0
0.0
0.0
0.0
0.0
0.0
0.0
0.0
0.0
0.0
0.0
0.0
0.0
0.0
0.0
0.0
0.0
0.0
0.0
0.0
0.0
0.0
0.0
0.15601852536201477
0.0
0.0
0.0
0.0
0.0
0.0
0.0
0.0
0.0
0.0
0.0
0.0
0.0
0.0
0.0
0.0
0.0
0.0
0.0
0.0
2.153067111968994
0.0
0.0
0.0
0.0
0.0
0.0
0.0
0.0
0.0
0.0
0.0
0.0
0.0
0.0
0.0
0.0
0.0
0.0
2.4939236640930176
0.0
0.0
0.0
0.0
0.0
0.0
0.0
0.0
0.0
0.0
0.0
0.0
