410572.5
265217.53125
231686.28125
179697.21875
146648.015625
129752.2109375
118829.2578125
111073.1796875
106391.3515625
97777.109375
89340.078125
77824.9453125
71488.453125
62666.37890625
51738.4921875
44976.18359375
43758.8828125
37521.74609375
35016.52734375
30973.744140625
23738.296875
18760.552734375
13907.0458984375
12142.857421875
14947.384765625
12620.630859375
9421.49609375
10848.181640625
9553.4482421875
6306.70166015625
5250.7001953125
5439.82568359375
5764.4423828125
5956.04931640625
5743.267578125
4670.23681640625
3294.756591796875
2227.523681640625
1385.8834228515625
1386.7689208984375
1805.3455810546875
1975.9840087890625
1627.7459716796875
945.3378295898438
349.32476806640625
146.7967071533203
475.4276123046875
702.1759033203125
631.2637939453125
299.6714172363281
37.033390045166016
20.041608810424805
9.44016170501709
73.353759765625
103.01631927490234
57.47349548339844
26.61568260192871
0.0
0.0
0.0
0.0
0.0
0.0
1.7468750476837158
2.7067129611968994
4.104745388031006
7.046701431274414
0.0
0.0
0.0
0.0
0.0
0.0
0.0
0.0
0.0
0.0
0.0
0.0
0.0
0.0
0.0
0.0
0.0
0.0
0.0
0.0
0.0
0.0
0.0
0.0
0.0
0.0
0.0
0.0
0.0
0.0
0.0
0.0
0.0
0.0
0.0
0.0
0.0
0.0
0.0
0.0
0.0
0.0
0.0
0.0
0.0
0.0
0.0
0.0
0.0
0.0
0.0
0.0
0.0
0.0
0.0
0.0
0.0
0.0
0.0
0.0
0.0
0.0
0.0
0.0
0.0
0.0
0.0
0.0
0.0
0.0
0.0
0.0
0.0
0.0
0.0
0.0
0.0
0.0
0.0
0.0
0.0
0.0
0.0
0.0
0.0
0.0
0.0
0.0
0.0
0.0
0.0
0.0
0.0
0.0
0.0
0.0
0.0
0.0
0.0
0.0
0.0
0.0
0.0
0.0
0.0
0.0
0.0
0.0
0.0
0.0
0.0
0.0
0.0
0.0
0.0
0.0
0.0
0.0
0.0
0.0
0.0
0.0
0.0
0.0
0.0
0.0
0.0
0.0
0.0
0.0
0.0
0.0
0.0
