0.06666667
0.033333335
0.0
0.06666667
0.06666667
0.1
0.23333333
0.16666667
0.26666668
0.3
0.33333334
0.33333334
0.4
0.33333334
0.4
0.43333334
0.43333334
0.43333334
0.46666667
0.53333336
0.6
0.56666666
0.6333333
0.6333333
0.6333333
0.7
0.6666667
0.73333335
0.76666665
0.8333333
0.8333333
0.8333333
0.8
0.76666665
0.76666665
0.8666667
0.8666667
0.8333333
0.8333333
0.8333333
0.8333333
0.8333333
0.8
0.8333333
0.8333333
0.8666667
0.8666667
0.8666667
0.8666667
0.8666667
0.8666667
0.8666667
0.8666667
0.8666667
0.8666667
0.8666667
0.8666667
0.8666667
0.8666667
0.8666667
0.8666667
0.8666667
0.8666667
0.8666667
0.9
0.9
0.9
0.9
0.9
0.9
0.9
0.9
0.9
0.9
0.9
0.9
0.9
0.9
0.9
0.9
0.9
0.9
0.9
0.9
0.9
0.9
0.9
0.9
0.9
0.9
0.9
0.9
0.9
0.9
0.9
0.9
0.9
0.9
0.9
0.9
0.9
0.9
0.9
0.9
0.9
0.9
0.9
0.9
0.9
0.9
0.9
0.9
0.9
0.9
0.9
0.9
0.9
0.9
0.9
0.9
0.9
0.9
0.9
0.9
0.9
0.9
0.9
0.9
0.9
0.9
0.9
0.9
0.9
0.9
0.9
0.9
0.9
0.9
0.9
0.9
0.9
0.9
0.9
0.9
0.9
0.9
0.9
0.9
0.9
0.9
0.9
0.9
0.9
0.9
0.9
0.9
0.9
0.9
0.9
0.9
0.9
0.9
0.9
0.9
0.9
0.9
0.9
0.9
0.9
0.9
0.9
0.9
0.9
0.9
0.9
0.9
0.9
0.9
0.9
0.9
0.9
0.9
0.9
0.9
0.9
0.9
0.9
0.9
0.9
0.9
0.9
0.9
0.9
0.9
0.9
0.9
0.9
0.9
0.9
